Mach Virtual Memory Statistics: (page size of 4096 bytes)
    free   active   specul inactive throttle    wired  prgable   faults     copy    0fill reactive   purged file-backed anonymous cmprssed cmprssor  dcomprs   comprs  pageins  pageout  swapins swapouts
   60461   712914     1524   712610        0   567188   107769 39457487  1343759 26266303   818389   771549      354390   1072658   683065    42285   407778  1433524  3094143    15307   189517   395797 
   57800   714913     1524   713123        0   567214   117587    11663        0     2651        0        0      354390   1075170   683063    42285        2        0        0        0        0        0 
   53271   702928     1553   709597        0   587158   114046    15660     1302     4500        0        0      354420   1059658   683012    42349       51        0        0        0       64        0 
   54422   716131     1557   709608        0   572692   124051     3357        0     2736        0        0      354424   1072872   682991    42477       21        0        4        0      128        0 
   51650   718666     1570   710718        0   571610   124051     2677        0     2586        0        0      354438   1076516   682984    42605        7        0        4        0      128        0 
   48914   697706     1595   714482        0   591464    94414    13131        0     2991        0        0      354463   1059320   682981    42605        3        0        0        0        0        0 
   42489   726692     1620   705489        0   577850   112085     4405        0     6786        0        0      354488   1079313   682979    42669        2        0        0        0       64        0 
   39971   733596     1620   720661        0   558343   131847     2672        0     2621        0        0      354488   1101389   682977    42669        2        0        0        0        0        0 
   37667   723465     1653   710829        0   580615    96144     3417        0     3139       10        0      354521   1081426   682976    42669        1        0        0        0        0        0 
   35102   747770     1653   723619        0   546017   137845     2630        0     2624        0        0      354521   1118521   682973    42669        3        0        0        0        0        0 
   60391   718827     1717   717421        0   555850   127945      105        4       82        0        0      354969   1082996   682973    42669        0        0      384        0        0        0 
